998
997
997
992
991
991
991
990
989
988
985
984
983
976
975
974
973
969
965
963
961
958
958
957
953
951
948
945
944
942
942
940
939
934
933
926
925
924
923
923
919
918
913
912
911
909
909
908
907
907
906
905
902
902
902
902
901
900
892
891
891
887
883
881
881
881
880
879
879
874
874
869
865
861
861
859
859
858
856
853
849
846
846
844
844
843
840
838
836
831
830
828
823
820
811
807
803
802
802
799
797
788
785
782
782
781
773
773
771
771
758
758
757
756
752
750
750
749
747
747
744
742
741
741
740
738
735
734
734
733
733
730
730
729
729
728
727
726
723
723
721
718
718
717
715
711
711
709
704
699
694
690
689
683
683
681
680
676
673
672
672
666
665
664
664
661
660
654
649
648
648
646
644
644
638
635
634
634
632
631
625
622
619
618
613
612
611
611
610
608
608
599
598
598
597
594
594
592
590
589
588
586
584
581
579
576
573
573
572
566
563
562
559
557
556
556
556
555
553
552
552
552
551
551
550
550
547
546
545
545
544
544
543
541
539
539
535
534
532
530
528
526
524
519
516
515
514
512
509
505
505
503
500
499
498
497
496
496
492
488
484
480
470
469
466
466
465
465
464
463
463
460
459
459
458
458
456
456
455
453
453
452
451
450
443
442
440
439
434
432
431
428
426
425
425
422
422
416
414
414
413
412
411
411
409
408
406
404
404
402
401
401
398
398
394
389
389
389
386
385
383
382
382
380
378
376
373
368
368
368
367
367
365
365
358
355
355
349
346
346
341
340
338
337
335
331
330
325
325
322
322
318
311
310
307
299
292
290
288
288
287
277
274
269
268
268
267
265
261
261
260
259
259
258
256
246
245
243
243
242
240
239
238
237
234
230
228
228
228
226
225
224
224
222
219
214
212
209
207
204
202
201
201
195
194
194
189
189
188
186
184
176
175
175
173
172
169
166
165
163
163
161
161
154
153
153
152
152
152
150
150
150
150
146
145
136
133
132
132
131
129
128
124
124
120
120
114
113
111
108
104
103
101
100
100
99
96
94
94
93
92
89
88
86
85
81
80
77
76
71
71
64
63
61
60
55
50
50
50
49
48
46
46
46
41
39
38
38
37
36
35
29
27
27
23
22
18
9
7
4
