1000
998
998
997
997
996
996
995
993
992
990
989
989
989
988
987
987
985
985
981
981
981
980
980
979
975
975
975
973
973
973
972
972
972
972
969
967
964
964
964
963
963
963
962
958
958
958
957
957
955
955
955
951
951
949
947
947
946
946
944
942
940
940
940
940
939
938
937
936
935
935
934
934
933
933
932
931
930
928
925
923
923
918
918
917
916
914
912
912
911
911
911
910
910
909
909
907
907
905
902
902
902
900
900
900
900
899
898
897
897
896
896
895
894
893
891
888
887
887
886
886
885
885
885
885
885
883
883
881
878
878
878
873
872
867
865
864
864
860
859
859
858
858
857
857
857
855
855
854
851
850
849
847
845
844
842
842
840
839
839
838
838
838
837
837
836
836
835
835
834
834
833
833
832
832
832
830
830
830
828
828
827
827
827
825
823
820
820
819
819
815
814
814
812
812
811
811
811
809
807
806
806
805
803
803
803
801
801
801
801
797
795
790
790
790
789
786
785
785
785
784
783
782
782
781
781
776
773
773
771
770
767
767
767
764
763
763
763
763
763
762
759
757
757
757
757
756
756
755
753
751
750
750
750
749
748
748
747
747
746
746
743
741
740
739
736
735
735
735
732
732
732
731
730
729
729
729
728
727
727
726
726
726
724
723
722
721
721
721
720
720
717
717
716
716
716
714
714
713
712
712
711
707
706
706
706
705
703
700
700
696
695
695
695
695
694
694
693
692
687
687
686
684
681
681
681
681
679
677
677
676
675
674
674
673
672
672
672
670
669
669
668
667
665
663
663
662
662
661
661
658
656
654
653
652
651
651
647
647
647
646
646
643
643
641
640
640
634
632
632
629
628
626
626
625
625
625
624
623
621
621
621
620
619
619
618
618
617
616
615
614
613
611
610
610
609
608
606
605
603
602
601
600
599
599
598
597
595
595
594
594
592
591
591
591
591
589
588
587
586
585
585
584
584
583
583
583
583
582
581
579
578
577
577
577
576
575
574
572
572
571
571
570
563
562
561
560
560
559
559
559
558
557
557
557
554
554
553
553
553
553
553
552
550
550
549
549
547
547
545
544
544
544
543
543
541
541
541
540
539
537
536
536
535
533
533
533
533
532
531
531
530
529
528
525
524
524
522
521
518
517
517
517
516
516
512
512
511
508
506
506
505
504
504
504
502
502
501
499
498
498
498
497
496
493
492
490
490
489
486
485
483
480
479
478
477
476
472
471
471
465
464
462
460
458
457
457
455
455
455
455
454
453
452
452
452
452
451
451
450
449
447
444
443
443
441
441
440
439
438
437
437
437
437
436
436
434
434
433
432
432
432
431
431
431
430
430
428
427
425
425
422
419
418
415
414
414
414
412
411
410
408
408
408
408
407
407
407
404
404
404
404
404
404
403
402
402
401
400
399
399
398
397
396
395
394
394
394
393
391
391
391
391
391
390
389
388
387
387
385
384
384
383
379
378
377
377
376
375
374
374
373
373
371
371
370
370
368
368
367
365
363
362
361
361
361
361
357
357
357
356
355
355
355
354
349
349
348
348
348
347
347
347
347
344
343
343
342
339
339
337
337
335
333
332
331
331
329
328
328
327
327
326
326
325
325
325
324
323
322
321
319
319
318
317
312
312
312
310
310
309
308
305
304
302
301
301
298
296
294
292
288
287
286
286
285
285
284
284
282
282
280
279
279
276
276
275
274
272
270
270
270
269
269
266
265
264
263
261
259
258
258
257
257
256
256
255
249
247
247
245
244
244
242
242
241
240
237
237
236
235
235
234
233
232
232
231
230
229
229
228
227
225
225
224
222
222
221
221
220
219
218
218
218
211
209
209
208
208
207
206
203
199
199
196
196
196
194
194
194
194
191
191
190
190
189
189
188
187
186
185
184
183
183
182
181
180
180
179
179
178
177
176
175
174
173
172
170
170
167
164
162
157
157
156
155
155
153
153
152
149
148
148
147
144
144
143
143
143
141
139
139
139
138
138
138
135
134
134
134
132
128
128
126
126
125
125
124
123
123
123
122
120
118
117
116
113
111
110
110
110
109
108
107
102
101
100
100
98
96
96
95
95
93
93
92
92
91
90
89
88
88
87
85
84
83
83
79
76
75
74
73
72
72
71
69
68
67
65
62
62
61
61
58
57
57
56
55
55
54
52
52
51
50
50
49
48
48
47
46
45
44
43
43
42
40
37
35
34
33
32
31
30
27
26
26
26
25
24
22
22
20
20
19
19
17
16
12
11
10
10
10
9
8
5
4
2
2
2
1
