Bubble Sort
Asc:
0.000468
0.001551
0.038537
0.182936
3.82375
17.0451

Desc:
0.000666
0.003013
0.067912
0.266823
6.67585
27.2479

Unsort:
0.000801
0.002443
0.084762
0.311252
8.66513
35.35

Insertion Sort
Asc:
0.000002
0.000005
0.000022
0.000044
0.000318
0.000574
0.001163
0.004093
0.20417

Desc:
0.000399
0.001575
0.05257
0.156774
3.90099
15.7235

Unsort:
0.000215
0.000798
0.026755
0.0796
1.93606
7.83003
201.379

Merge Sort
Asc:
0.000050
0.000105
0.000752
0.001252
0.007678
0.015163
0.07965
0.166565
1.81068

Desc:
0.00008
0.000168
0.001343
0.001916
0.15482
0.22233
0.112503
0.338429
1.81472

Unsort:
0.000137
0.000292
0.001599
0.00249
0.013902
0.027717
0.146751
0.299474
2.09675

Quick Sort
Asc:
0.000332
0.001219
0.018721
0.050695
0.398149
0.877284
6.11559
13.4972
85.923

Desc:
0.000296
0.001128
0.012034
0.031781
0.232668
0.535567
3.50565
7.51897
45.7129

Unsort:
0.000061
0.000115
0.00061
0.001222
0.006252
0.014383
0.063415
0.128449
0.675445


Rank Sort
Asc:
0.000444
0.001701
0.044327
0.170303
7.78656
17.7091

Desc:
0.00829
0.003319
0.02605
0.471555
8.5844
33.4549

Unsort:
0.000645
0.003616
0.063798
0.247407
6.45994
26.2432


Selection Sort
Asc:
0.000006
0.000004
0.000017
0.000028
0.000138
0.000275
0.00163
0.002769
0.013994

Desc:
0.000433
0.001745
0.046272
0.16546
4.23811
13.38

Unsort:
0.000413
0.001305
0.032312
0.131588
3.92678
14.9334


