4
7
9
18
22
23
27
27
29
35
36
37
38
38
39
41
46
46
46
48
49
50
50
50
55
60
61
63
64
71
71
76
77
80
81
85
86
88
89
92
93
94
94
96
99
100
100
101
103
104
108
111
113
114
120
120
124
124
128
129
131
132
132
133
136
145
146
150
150
150
150
152
152
152
153
153
154
161
161
163
163
165
166
169
172
173
175
175
176
184
186
188
189
189
194
194
195
201
201
202
204
207
209
212
214
219
222
224
224
225
226
228
228
228
230
234
237
238
239
240
242
243
243
245
246
256
258
259
259
260
261
261
265
267
268
268
269
274
277
287
288
288
290
292
299
307
310
311
318
322
322
325
325
330
331
335
337
338
340
341
346
346
349
355
355
358
365
365
367
367
368
368
368
373
376
378
380
382
382
383
385
386
389
389
389
394
398
398
401
401
402
404
404
406
408
409
411
411
412
413
414
414
416
422
422
425
425
426
428
431
432
434
439
440
442
443
450
451
452
453
453
455
456
456
458
458
459
459
460
463
463
464
465
465
466
466
469
470
480
484
488
492
496
496
497
498
499
500
503
505
505
509
512
514
515
516
519
524
526
528
530
532
534
535
539
539
541
543
544
544
545
545
546
547
550
550
551
551
552
552
552
553
555
556
556
556
557
559
562
563
566
572
573
573
576
579
581
584
586
588
589
590
592
594
594
597
598
598
599
608
608
610
611
611
612
613
618
619
622
625
631
632
634
634
635
638
644
644
646
648
648
649
654
660
661
664
664
665
666
672
672
673
676
680
681
683
683
689
690
694
699
704
709
711
711
715
717
718
718
721
723
723
726
727
728
729
729
730
730
733
733
734
734
735
738
740
741
741
742
744
747
747
749
750
750
752
756
757
758
758
771
771
773
773
781
782
782
785
788
797
799
802
802
803
807
811
820
823
828
830
831
836
838
840
843
844
844
846
846
849
853
856
858
859
859
861
861
865
869
874
874
879
879
880
881
881
881
883
887
891
891
892
900
901
902
902
902
902
905
906
907
907
908
909
909
911
912
913
918
919
923
923
924
925
926
933
934
939
940
942
942
944
945
948
951
953
957
958
958
961
963
965
969
973
974
975
976
983
984
985
988
989
990
991
991
991
992
997
997
998
