1
2
2
2
4
5
8
9
10
10
10
11
12
16
17
19
19
20
20
22
22
24
25
26
26
26
27
30
31
32
33
34
35
37
40
42
43
43
44
45
46
47
48
48
49
50
50
51
52
52
54
55
55
56
57
57
58
61
61
62
62
65
67
68
69
71
72
72
73
74
75
76
79
83
83
84
85
87
88
88
89
90
91
92
92
93
93
95
95
96
96
98
100
100
101
102
107
108
109
110
110
110
111
113
116
117
118
120
122
123
123
123
124
125
125
126
126
128
128
132
134
134
134
135
138
138
138
139
139
139
141
143
143
143
144
144
147
148
148
149
152
153
153
155
155
156
157
157
162
164
167
170
170
172
173
174
175
176
177
178
179
179
180
180
181
182
183
183
184
185
186
187
188
189
189
190
190
191
191
194
194
194
194
196
196
196
199
199
203
206
207
208
208
209
209
211
218
218
218
219
220
221
221
222
222
224
225
225
227
228
229
229
230
231
232
232
233
234
235
235
236
237
237
240
241
242
242
244
244
245
247
247
249
255
256
256
257
257
258
258
259
261
263
264
265
266
269
269
270
270
270
272
274
275
276
276
279
279
280
282
282
284
284
285
285
286
286
287
288
292
294
296
298
301
301
302
304
305
308
309
310
310
312
312
312
317
318
319
319
321
322
323
324
325
325
325
326
326
327
327
328
328
329
331
331
332
333
335
337
337
339
339
342
343
343
344
347
347
347
347
348
348
348
349
349
354
355
355
355
356
357
357
357
361
361
361
361
362
363
365
367
368
368
370
370
371
371
373
373
374
374
375
376
377
377
378
379
383
384
384
385
387
387
388
389
390
391
391
391
391
391
393
394
394
394
395
396
397
398
399
399
400
401
402
402
403
404
404
404
404
404
404
407
407
407
408
408
408
408
410
411
412
414
414
414
415
418
419
422
425
425
427
428
430
430
431
431
431
432
432
432
433
434
434
436
436
437
437
437
437
438
439
440
441
441
443
443
444
447
449
450
451
451
452
452
452
452
453
454
455
455
455
455
457
457
458
460
462
464
465
471
471
472
476
477
478
479
480
483
485
486
489
490
490
492
493
496
497
498
498
498
499
501
502
502
504
504
504
505
506
506
508
511
512
512
516
516
517
517
517
518
521
522
524
524
525
528
529
530
531
531
532
533
533
533
533
535
536
536
537
539
540
541
541
541
543
543
544
544
544
545
547
547
549
549
550
550
552
553
553
553
553
553
554
554
557
557
557
558
559
559
559
560
560
561
562
563
570
571
571
572
572
574
575
576
577
577
577
578
579
581
582
583
583
583
583
584
584
585
585
586
587
588
589
591
591
591
591
592
594
594
595
595
597
598
599
599
600
601
602
603
605
606
608
609
610
610
611
613
614
615
616
617
618
618
619
619
620
621
621
621
623
624
625
625
625
626
626
628
629
632
632
634
640
640
641
643
643
646
646
647
647
647
651
651
652
653
654
656
658
661
661
662
662
663
663
665
667
668
669
669
670
672
672
672
673
674
674
675
676
677
677
679
681
681
681
681
684
686
687
687
692
693
694
694
695
695
695
695
696
700
700
703
705
706
706
706
707
711
712
712
713
714
714
716
716
716
717
717
720
720
721
721
721
722
723
724
726
726
726
727
727
728
729
729
729
730
731
732
732
732
735
735
735
736
739
740
741
743
746
746
747
747
748
748
749
750
750
750
751
753
755
756
756
757
757
757
757
759
762
763
763
763
763
763
764
767
767
767
770
771
773
773
776
781
781
782
782
783
784
785
785
785
786
789
790
790
790
795
797
801
801
801
801
803
803
803
805
806
806
807
809
811
811
811
812
812
814
814
815
819
819
820
820
823
825
827
827
827
828
828
830
830
830
832
832
832
833
833
834
834
835
835
836
836
837
837
838
838
838
839
839
840
842
842
844
845
847
849
850
851
854
855
855
857
857
857
858
858
859
859
860
864
864
865
867
872
873
878
878
878
881
883
883
885
885
885
885
885
886
886
887
887
888
891
893
894
895
896
896
897
897
898
899
900
900
900
900
902
902
902
905
907
907
909
909
910
910
911
911
911
912
912
914
916
917
918
918
923
923
925
928
930
931
932
933
933
934
934
935
935
936
937
938
939
940
940
940
940
942
944
946
946
947
947
949
951
951
955
955
955
957
957
958
958
958
962
963
963
963
964
964
964
967
969
972
972
972
972
973
973
973
975
975
975
979
980
980
981
981
981
985
985
987
987
988
989
989
989
990
992
993
995
996
996
997
997
998
998
1000
